trapscap1
parameters 13
# exponents ... coefficient
	  0   1   0   1   0   0    -4.52677e-02 
	  0   0   0   0   0   0    2.67777e-01 
	  1   0   0   0   0   0    1.64220e-01 
	  0   0   0   2   1   0    -8.54332e-03 
	  0   1   2   1   0   0    5.11746e-02 
	  0   0   2   0   1   0    2.35048e-02 
	  0   0   0   0   1   3    -5.87616e-02 
	  3   0   0   0   0   1    7.65320e-03 
	  0   0   1   2   0   1    4.23643e-03 
	  3   0   1   0   0   0    1.69024e-02 
	  3   0   0   0   1   0    1.16126e-02 
	  1   0   0   0   0   3    -9.27790e-01 
	  0   1   0   0   0   3    -2.23404e+00 
trapscap2
parameters 12
# exponents ... coefficient
	  2   1   0   0   0   0    8.74595e-02 
	  0   2   1   1   0   0    1.81472e-02 
	  0   0   0   0   0   0    2.70388e-01 
	  0   1   0   0   0   1    4.99615e-02 
	  1   0   0   0   0   0    2.10132e-01 
	  0   0   0   0   1   1    6.11256e-02 
	  0   0   1   1   0   0    2.97413e-03 
	  0   2   0   0   0   0    -1.81575e-01 
	  0   0   1   2   0   1    1.50453e-02 
	  2   0   0   1   0   1    -2.11021e-02 
	  0   0   0   4   0   0    1.68914e-03 
	  0   0   2   0   0   0    1.62972e-02 
trapscap3
parameters 9
# exponents ... coefficient
	  0   0   1   1   0   0    7.96753e-03 
	  3   1   0   0   0   0    1.96206e-03 
	  0   1   0   2   0   1    1.72952e-02 
	  0   0   0   0   0   0    2.30538e-01 
	  1   0   0   0   0   0    1.81865e-01 
	  0   2   0   0   1   0    2.26862e-01 
	  0   1   0   0   0   0    -3.99904e-02 
	  0   0   0   2   0   0    8.83330e-03 
	  0   0   2   0   0   0    2.91058e-02 
trapscap4
parameters 9
# exponents ... coefficient
	  0   0   1   1   0   0    7.89235e-03 
	  3   1   0   0   0   0    -2.84045e-02 
	  0   1   0   2   0   1    1.58105e-02 
	  3   0   0   0   1   0    -6.18457e-02 
	  0   0   0   0   0   0    2.22707e-01 
	  1   0   0   0   0   0    1.92479e-01 
	  0   2   0   0   0   0    -1.16390e-01 
	  0   0   0   3   0   0    6.95146e-03 
	  0   0   2   0   0   0    3.80791e-02 
trapscap5
parameters 11
# exponents ... coefficient
	  0   0   1   1   0   0    5.17171e-03 
	  3   0   0   0   0   0    1.77764e-03 
	  0   3   0   0   1   0    -4.06111e-02 
	  0   0   0   0   0   0    2.14388e-01 
	  0   0   0   3   0   1    1.98218e-03 
	  1   0   0   0   0   0    1.91317e-01 
	  0   1   0   0   0   0    1.93725e-02 
	  0   0   2   2   0   0    3.28367e-02 
	  0   1   1   1   1   0    1.65370e-01 
	  0   0   0   4   0   0    7.57352e-03 
	  0   1   0   3   0   0    -3.72080e-02 
trapscap6
parameters 11
# exponents ... coefficient
	  3   0   0   0   0   0    4.26442e-02 
	  0   0   1   2   0   0    -1.50010e-02 
	  0   0   0   0   0   0    2.31051e-01 
	  0   1   0   2   0   1    8.65487e-03 
	  0   0   1   2   1   0    2.82798e-02 
	  1   0   0   0   0   0    1.77147e-01 
	  1   1   2   0   0   0    7.88126e-02 
	  0   0   0   4   0   0    5.73001e-03 
	  0   0   2   1   0   0    6.25651e-02 
	  3   1   0   0   0   0    -1.45857e-01 
	  2   1   0   1   0   0    -5.73092e-02 
trapscap7
parameters 7
# exponents ... coefficient
	  3   0   0   0   0   0    3.83744e-01 
	  0   0   0   0   0   0    1.73937e-01 
	  3   1   0   0   0   0    -1.26574e+00 
	  0   0   0   0   1   0    -5.44548e-02 
	  0   0   1   1   1   0    1.62148e-01 
	  2   2   0   0   0   0    -1.42643e+00 
	  0   0   2   1   1   0    -1.35880e-01 
trapscap8
parameters 9
# exponents ... coefficient
	  0   1   0   0   0   0    9.58276e-02 
	  3   0   0   0   0   0    -7.39190e-02 
	  0   0   0   0   0   0    2.49261e-01 
	  0   0   0   0   1   0    -2.71612e-02 
	  0   0   1   0   0   0    -3.02809e-02 
	  1   0   0   0   0   0    2.34473e-01 
	  0   0   2   0   0   0    6.42557e-02 
	  0   0   1   0   2   0    -1.33763e-01 
	  2   0   1   0   0   0    -8.57908e-02 
trapscap9
parameters 12
# exponents ... coefficient
	  0   1   0   0   0   0    4.38103e-02 
	  2   0   1   0   0   0    -5.71291e-01 
	  0   0   0   0   1   0    -4.66692e-02 
	  0   0   0   0   0   0    1.77658e-01 
	  2   0   0   1   0   0    -1.11306e-01 
	  0   0   0   2   0   1    6.21401e-03 
	  2   0   2   0   0   0    -2.56901e-01 
	  3   0   1   0   0   0    -5.34506e-01 
	  0   1   0   3   0   0    3.82882e-02 
	  0   1   0   1   0   1    -1.87945e-02 
	  1   0   2   0   0   0    -2.52451e-01 
	  2   1   0   1   0   0    8.18290e-02 
trapscap10
parameters 12
# exponents ... coefficient
	  0   1   0   0   0   0    1.23897e-01 
	  2   0   1   0   0   0    -2.72665e-01 
	  0   0   0   0   1   0    -4.65819e-02 
	  0   0   0   0   0   0    1.84250e-01 
	  2   0   2   0   0   0    2.36068e-01 
	  0   0   0   0   0   1    3.12007e-03 
	  1   0   3   0   0   0    6.76938e-02 
	  3   0   0   1   0   0    -1.47645e-01 
	  1   0   0   0   0   1    3.56905e-03 
	  0   0   0   4   0   0    7.39093e-03 
	  2   0   0   1   0   0    -1.91413e-01 
	  3   1   0   0   0   0    -7.48207e-02 
trapscap11
parameters 8
# exponents ... coefficient
	  0   1   0   0   0   0    1.64246e-01 
	  0   0   0   1   1   0    -4.50290e-02 
	  1   0   1   0   0   0    1.87798e-01 
	  0   0   0   0   0   0    2.35358e-01 
	  1   0   0   0   0   0    1.18184e-01 
	  3   0   0   0   0   1    2.26426e-03 
	  2   0   1   0   0   0    1.43839e-01 
	  0   0   1   1   0   1    1.29433e-03 
trapclav1
parameters 7
# exponents ... coefficient
	  0   0   0    2.19360e-01 
	  2   1   0    -5.10039e-01 
	  2   2   0    1.21876e+00 
	  0   0   1    -2.05439e-02 
	  0   0   2    1.62441e-02 
	  0   4   0    -1.96075e+00 
	  1   0   0    6.32964e-02 
trapclav2
parameters 6
# exponents ... coefficient
	  0   0   0    2.49046e-01 
	  1   0   0    1.48700e-01 
	  0   1   1    -1.45178e-01 
	  0   1   2    1.74315e-01 
	  1   0   3    3.23889e-02 
	  0   1   0    -1.68495e-02 
levscap1
parameters 9
# exponents ... coefficient
	  0   0   0   1   0   0    1.22708e-01 
	  0   1   0   3   0   0    -9.88877e-02 
	  0   0   1   1   0   0    9.70363e-02 
	  0   0   0   0   1   0    7.23315e-02 
	  4   0   0   0   0   0    1.54759e-02 
	  0   0   0   0   0   2    1.60094e-02 
	  0   0   0   0   0   1    -9.85043e-04 
	  1   0   2   0   0   0    3.10898e-02 
	  0   0   0   0   0   0    2.73440e-02 
levscap2
parameters 11
# exponents ... coefficient
	  0   0   1   2   0   0    1.53377e-02 
	  0   2   0   1   1   0    -7.25601e-02 
	  0   0   0   0   0   0    4.30416e-02 
	  0   1   0   0   0   0    -1.25660e-01 
	  1   0   0   0   1   1    5.46039e-02 
	  0   0   0   0   1   0    7.43890e-02 
	  0   0   0   1   0   0    1.00257e-01 
	  0   0   1   0   0   0    5.46028e-02 
	  3   0   0   0   0   1    -1.07031e-02 
	  3   0   1   0   0   0    -2.26859e-02 
	  1   0   0   3   0   0    1.43823e-02 
pectmin1
parameters 10
# exponents ... coefficient
	  0   0   0   0   0   0    1.14418e-01 
	  2   1   0   1   0   0    -9.61812e-02 
	  1   0   0   1   1   0    1.57780e-02 
	  1   0   0   0   0   1    -5.21568e-02 
	  0   2   1   1   0   0    5.55345e-03 
	  1   1   0   1   0   0    -1.13778e-01 
	  1   0   0   0   0   0    -5.49332e-02 
	  0   0   1   0   0   0    3.06470e-02 
	  0   0   0   4   0   0    4.23435e-03 
	  0   0   1   1   0   0    -3.39957e-02 
pectmin2
parameters 9
# exponents ... coefficient
	  0   0   0   0   0   0    1.45984e-01 
	  2   1   0   1   0   0    -2.15360e-01 
	  1   0   0   0   1   0    2.09594e-02 
	  0   0   0   0   0   1    4.31827e-02 
	  0   1   1   2   0   0    -4.36570e-02 
	  1   1   0   1   0   0    -2.26114e-01 
	  2   0   0   0   0   0    5.44466e-02 
	  0   0   0   4   0   0    2.83025e-03 
	  1   2   1   0   0   0    -1.03900e-01 
pectmin3
parameters 10
# exponents ... coefficient
	  0   0   0   0   0   0    8.90372e-02 
	  2   1   0   1   0   0    -3.03663e-02 
	  0   0   0   0   1   0    -1.47218e-02 
	  0   0   0   0   0   1    3.54616e-02 
	  0   1   1   2   0   0    -6.95744e-02 
	  1   0   0   0   0   0    -8.32934e-02 
	  0   1   0   1   0   0    8.97532e-02 
	  0   0   1   0   0   1    2.90239e-02 
	  0   0   0   4   0   0    3.59240e-03 
	  1   1   1   0   0   0    -5.94497e-02 
pectmin4
parameters 10
# exponents ... coefficient
	  0   0   0   0   0   0    1.20642e-01 
	  2   1   0   0   0   0    7.34360e-01 
	  0   0   0   3   1   0    -9.09747e-03 
	  0   0   0   0   0   1    3.36963e-02 
	  0   0   1   0   0   0    -9.85313e-03 
	  2   2   0   0   0   0    -2.21900e+00 
	  1   3   0   0   0   0    -2.69736e+00 
	  0   0   0   1   0   0    2.02256e-02 
	  1   2   0   1   0   0    2.62283e-01 
	  2   0   1   0   0   1    3.41702e-02 
rhomboid1
parameters 10
# exponents ... coefficient
	  0   0   1   1   0   0    9.21910e-02 
	  0   2   0   0   1   0    3.37283e+00 
	  0   0   0   1   0   1    -1.00924e-02 
	  2   1   0   0   0   0    -2.13032e-01 
	  0   0   0   0   0   0    9.17947e-02 
	  0   3   0   0   1   0    -7.40588e+00 
	  1   0   0   0   0   0    1.25837e-01 
	  3   0   0   0   0   0    -9.62939e-02 
	  0   0   0   1   0   0    8.81770e-02 
	  1   0   0   2   0   0    4.76532e-02 
rhomboid2
parameters 9
# exponents ... coefficient
	  0   0   1   1   0   0    1.11218e-01 
	  0   1   0   2   1   0    -6.25539e-02 
	  0   0   0   3   0   1    -2.39442e-02 
	  2   1   0   1   0   0    1.31530e-01 
	  0   0   0   0   0   0    1.19794e-01 
	  0   0   0   0   1   0    1.39140e-01 
	  0   0   0   1   0   0    7.92181e-02 
	  1   0   0   1   0   0    8.47758e-02 
	  1   1   0   1   0   0    2.54919e-01 
rhomboid3
parameters 10
# exponents ... coefficient
	  0   0   1   0   0   0    2.56661e-01 
	  0   2   0   0   1   0    -3.37542e-01 
	  0   0   0   0   0   1    -2.34448e-02 
	  1   0   1   0   0   0    3.33148e-01 
	  0   0   0   1   0   0    1.12524e-01 
	  1   1   0   2   0   0    1.63728e-01 
	  0   0   0   0   1   0    1.50294e-01 
	  2   0   1   1   0   0    1.93255e-01 
	  1   0   0   2   0   0    4.59964e-02 
	  0   0   0   0   0   0    4.30220e-02 
rhomboid4
parameters 11
# exponents ... coefficient
	  0   0   1   0   0   0    1.42227e-01 
	  0   1   0   0   1   0    1.29179e+00 
	  3   1   0   0   0   0    -9.56047e-02 
	  0   0   0   0   0   0    1.80767e-01 
	  0   0   0   2   0   1    -3.59054e-02 
	  1   0   0   0   0   0    1.18467e-01 
	  2   0   0   1   1   0    -1.57842e-01 
	  1   0   0   0   0   1    -3.21719e-02 
	  0   0   0   4   0   0    6.62759e-03 
	  2   1   0   1   0   0    -2.02837e-01 
	  0   2   0   1   1   0    -1.47967e+00 
rhomboid5
parameters 12
# exponents ... coefficient
	  0   0   1   0   0   0    1.53372e-01 
	  0   1   0   0   1   0    2.23815e-02 
	  3   1   0   0   0   0    -2.44018e-01 
	  0   0   0   0   0   0    1.92718e-01 
	  1   0   0   0   0   0    1.25551e-01 
	  0   0   0   3   0   1    -4.17547e-02 
	  2   1   0   0   1   0    -1.19250e-01 
	  1   0   0   0   0   1    -6.04734e-02 
	  2   1   0   0   0   0    -3.75990e-01 
	  0   0   0   0   1   0    -7.95677e-01 
	  0   0   0   3   1   0    -3.87668e-01 
	  0   0   0   1   1   0    1.33858e+00 
serrant1
parameters 2
# exponents ... coefficient
	  0   0   1   0   0   0    -1.51489e-01 
	  0   0   0   0   1   0    -1.16260e-01 
serrant2
parameters 1
# exponents ... coefficient
	  0   0   1   0   0   0    -1.40263e-01 
serrant3
parameters 1
# exponents ... coefficient
	  0   0   1   1   0   0    -1.16035e-01 
serrant4
parameters 1
# exponents ... coefficient
	  0   0   1   0   0   0    -1.07892e-01 
serrant5
parameters 2
# exponents ... coefficient
	  0   0   1   1   0   0    -8.49431e-02 
	  0   0   0   3   1   0    -5.25164e-02 
serrant6
parameters 1
# exponents ... coefficient
	  1   0   1   1   0   0    8.32840e-02 
serrant7
parameters 1
# exponents ... coefficient
	  1   0   1   1   1   0    4.42217e-02 
serrant8
parameters 1
# exponents ... coefficient
	  1   0   0   1   0   0    -1.07252e-01 
serrant9
parameters 1
# exponents ... coefficient
	  1   0   0   0   0   1    -1.67656e-02 
serrant10
parameters 9
# exponents ... coefficient
	  1   0   0   1   0   0    -7.00829e-02 
	  0   0   0   0   0   1    2.12832e-02 
	  1   0   0   0   1   0    1.69679e-02 
	  1   1   1   1   0   0    3.02863e-01 
	  1   1   1   0   0   0    -2.32752e-01 
	  0   0   0   1   0   0    4.11381e-02 
	  3   0   0   0   0   0    -3.86043e-02 
	  0   0   2   2   0   0    9.50122e-03 
	  0   1   0   3   0   0    1.49440e-02 
serrant11
parameters 8
# exponents ... coefficient
	  1   0   0   1   0   0    -1.18711e-01 
	  0   0   0   0   0   1    3.30619e-02 
	  0   0   0   0   1   0    -1.74033e-02 
	  1   0   1   2   0   0    1.51200e-02 
	  0   1   0   1   0   1    -1.06390e-02 
	  0   1   0   0   0   0    7.46324e-02 
	  0   2   0   2   0   0    -1.14904e-01 
	  0   0   0   2   0   0    1.20782e-02 
serrant12
parameters 7
# exponents ... coefficient
	  1   0   0   1   0   0    -1.14489e-01 
	  0   0   0   0   0   1    4.20862e-02 
	  0   0   0   0   1   0    -2.10182e-02 
	  1   0   1   2   0   0    1.59115e-02 
	  0   1   0   0   0   0    9.57589e-02 
	  0   2   0   1   0   0    -1.32889e-01 
	  0   0   0   2   0   0    8.16047e-03 
deltscap1
parameters 7
# exponents ... coefficient
	  0   0   0    1.57659e-01 
	  1   1   0    3.04390e-02 
	  2   1   0    -1.59160e-02 
	  0   1   0    3.28446e-02 
	  0   0   1    4.72244e-03 
	  2   0   1    -1.07911e-03 
	  3   1   0    -3.54705e-03 
deltscap2
parameters 7
# exponents ... coefficient
	  0   0   0    1.38555e-01 
	  1   1   0    3.31083e-02 
	  2   1   0    -1.06523e-02 
	  0   0   1    3.84115e-03 
	  0   1   0    1.61813e-02 
	  3   1   0    -4.06406e-03 
	  2   0   1    -8.74516e-04 
deltscap3
parameters 6
# exponents ... coefficient
	  0   0   0    1.25895e-01 
	  1   1   0    3.61457e-02 
	  3   1   0    -4.51566e-03 
	  0   0   1    2.43094e-03 
	  2   1   0    -3.18464e-03 
	  2   0   1    -5.17176e-04 
deltscap4
parameters 10
# exponents ... coefficient
	  0   0   0    1.06625e-01 
	  1   1   0    3.00000e-02 
	  3   1   0    -3.55307e-03 
	  0   0   1    3.19742e-03 
	  0   0   3    -2.49870e-04 
	  0   1   0    -7.12441e-03 
	  1   0   1    2.55833e-03 
	  1   0   0    4.24668e-03 
	  3   0   1    -3.41991e-04 
	  0   1   2    6.73525e-04 
deltscap5
parameters 5
# exponents ... coefficient
	  0   0   0    1.01570e-01 
	  1   1   0    2.15633e-02 
	  3   1   0    -1.96536e-03 
	  0   1   0    -2.08951e-02 
	  2   1   0    4.80133e-03 
deltscap6
parameters 5
# exponents ... coefficient
	  0   0   0    1.31921e-01 
	  1   1   0    2.99363e-02 
	  3   1   0    -3.18962e-03 
	  0   2   0    -1.34099e-02 
	  2   2   0    2.63089e-03 
deltscap7
parameters 5
# exponents ... coefficient
	  0   0   0    1.47234e-01 
	  1   1   0    2.66205e-02 
	  3   1   0    -2.75190e-03 
	  0   2   0    -1.41516e-02 
	  2   2   0    3.59901e-03 
deltscap8
parameters 6
# exponents ... coefficient
	  0   0   0    1.28368e-01 
	  0   2   0    -1.80472e-02 
	  1   1   0    1.85044e-02 
	  2   2   0    3.74520e-03 
	  3   1   0    -1.56030e-03 
	  2   0   0    1.71068e-03 
deltscap9
parameters 5
# exponents ... coefficient
	  0   0   0    1.35848e-01 
	  0   2   0    -2.07861e-02 
	  2   0   0    1.85129e-03 
	  1   1   0    1.13417e-02 
	  2   2   0    4.56271e-03 
deltscap10
parameters 5
# exponents ... coefficient
	  0   0   0    1.30197e-01 
	  0   2   0    -6.60850e-03 
	  2   1   0    5.51603e-03 
	  1   1   0    6.41737e-03 
	  0   1   0    -1.95303e-02 
deltscap11
parameters 4
# exponents ... coefficient
	  0   0   0    1.24470e-01 
	  0   1   0    -2.73864e-02 
	  2   1   0    6.45803e-03 
	  2   2   0    -3.07608e-03 
deltclav1
parameters 7
# exponents ... coefficient
	  0   0   0   0   0   0    1.47959e-01 
	  3   0   1   0   0   0    -4.21683e-02 
	  1   0   0   0   1   0    -2.16093e-02 
	  2   0   0   1   0   0    -9.55163e-03 
	  1   1   2   0   0   0    -8.08073e-01 
	  0   1   0   2   0   0    2.44842e-03 
	  1   0   0   3   0   0    1.19644e-03 
deltclav2
parameters 7
# exponents ... coefficient
	  0   0   0   0   0   0    1.77914e-01 
	  3   0   1   0   0   0    -5.35873e-02 
	  2   0   0   1   1   0    -1.44949e-02 
	  1   0   0   2   1   0    -5.58572e-03 
	  0   1   0   2   0   0    4.47065e-03 
	  0   1   3   0   0   0    -4.76842e+00 
	  2   0   0   0   2   0    -8.17412e-03 
deltclav3
parameters 7
# exponents ... coefficient
	  0   0   0   0   0   0    1.54695e-01 
	  3   0   1   0   0   0    -4.91611e-02 
	  1   0   0   1   0   0    -1.93799e-02 
	  2   0   0   0   1   0    -1.16164e-02 
	  1   0   0   3   0   0    2.05227e-03 
	  0   1   0   2   0   0    3.67220e-03 
	  0   1   2   0   0   0    -7.62470e-01 
deltclav4
parameters 6
# exponents ... coefficient
	  0   0   0   0   0   0    1.64085e-01 
	  3   0   1   0   0   0    -6.29991e-02 
	  2   0   0   1   1   0    -1.39803e-02 
	  1   0   0   2   1   0    -6.14691e-03 
	  0   1   0   2   0   0    3.12363e-03 
	  0   0   2   0   0   0    1.77716e-01 
coracobr1
parameters 4
# exponents ... coefficient
	  0   0   0    1.54740e-01 
	  1   1   0    -2.16713e-02 
	  2   2   0    -3.32866e-03 
	  3   1   0    2.08243e-03 
coracobr2
parameters 14
# exponents ... coefficient
	  0   0   0    1.67405e-01 
	  1   1   0    -2.43581e-02 
	  3   1   0    2.41623e-03 
	  2   2   0    -1.46066e-03 
	  0   0   1    1.06235e-03 
	  1   0   1    1.33976e-03 
	  1   0   3    -7.73299e-06 
	  0   0   3    -1.13485e-04 
	  0   0   2    3.15393e-04 
	  0   1   0    5.88706e-03 
	  1   0   2    -9.76423e-05 
	  2   1   0    -2.55875e-03 
	  3   0   1    -8.73066e-05 
	  1   3   0    1.77851e-03 
coracobr3
parameters 4
# exponents ... coefficient
	  0   0   0    1.81874e-01 
	  1   1   0    -2.57047e-02 
	  3   1   0    2.57668e-03 
	  2   2   0    -3.63971e-03 
infra1
parameters 6
# exponents ... coefficient
	  0   0   0    7.59949e-02 
	  1   0   0    1.64087e-02 
	  0   1   1    3.50375e-03 
	  2   1   0    4.34567e-03 
	  0   0   1    6.79748e-03 
	  0   1   2    -2.26142e-03 
infra2
parameters 8
# exponents ... coefficient
	  0   0   0    1.62309e-01 
	  1   0   0    1.28379e-02 
	  0   1   1    3.88563e-03 
	  2   1   0    4.63810e-03 
	  0   1   2    -1.66750e-03 
	  0   0   1    8.10686e-03 
	  0   1   0    -6.63287e-03 
	  0   0   3    -5.28047e-04 
infra3
parameters 8
# exponents ... coefficient
	  0   0   0    1.37765e-01 
	  1   0   0    1.32180e-02 
	  0   1   1    3.84783e-03 
	  2   1   0    4.84896e-03 
	  0   1   2    -1.62877e-03 
	  0   0   1    8.27633e-03 
	  0   1   0    -6.81554e-03 
	  0   0   3    -5.42168e-04 
infra4
parameters 5
# exponents ... coefficient
	  0   0   0    1.23695e-01 
	  1   0   0    1.00907e-02 
	  0   1   1    7.52313e-03 
	  2   0   0    2.77470e-03 
	  0   0   2    -1.55691e-03 
infra5
parameters 10
# exponents ... coefficient
	  0   0   0    1.19962e-01 
	  1   0   0    1.37626e-02 
	  0   1   1    8.22521e-04 
	  2   1   0    4.61675e-03 
	  0   1   0    -1.49183e-02 
	  0   0   1    8.73182e-03 
	  0   0   2    -3.24087e-03 
	  0   0   3    -6.30986e-04 
	  0   0   4    2.69035e-04 
	  2   2   0    1.82735e-03 
infra6
parameters 6
# exponents ... coefficient
	  0   0   0    9.48657e-02 
	  1   0   0    1.63544e-02 
	  2   2   0    5.26855e-03 
	  0   0   1    1.00919e-02 
	  0   2   0    -8.33516e-03 
	  0   0   3    -6.76442e-04 
termin1
parameters 9
# exponents ... coefficient
	  0   0   0    9.08808e-02 
	  1   0   0    2.47317e-02 
	  0   0   1    1.43290e-02 
	  0   1   0    9.56979e-03 
	  1   1   0    -6.26269e-03 
	  0   0   2    -5.28597e-03 
	  3   0   0    -9.37925e-04 
	  0   0   4    4.49465e-04 
	  0   0   3    -9.34727e-04 
termin2
parameters 10
# exponents ... coefficient
	  0   0   0    1.06086e-01 
	  1   0   0    2.50113e-02 
	  0   1   1    2.26678e-03 
	  0   1   0    7.90839e-03 
	  0   0   1    1.36991e-02 
	  0   0   2    -5.65051e-03 
	  0   0   4    4.78656e-04 
	  0   0   3    -9.67803e-04 
	  3   0   0    -1.02411e-03 
	  1   1   0    -5.37555e-03 
termin3
parameters 5
# exponents ... coefficient
	  0   0   0    6.60809e-02 
	  1   0   0    1.86516e-02 
	  0   0   1    8.68783e-03 
	  2   2   0    3.24181e-03 
	  0   0   2    -2.13192e-03 
termaj1
parameters 6
# exponents ... coefficient
	  0   0   0    9.40340e-02 
	  0   1   0    5.42595e-02 
	  2   1   0    -1.62709e-02 
	  0   0   1    -8.15315e-03 
	  2   0   1    1.47084e-03 
	  1   2   1    -2.23974e-03 
termaj2
parameters 6
# exponents ... coefficient
	  0   0   0    1.08448e-01 
	  0   1   0    6.92569e-02 
	  2   1   0    -2.01866e-02 
	  0   0   1    -6.90801e-03 
	  2   0   1    1.16176e-03 
	  1   2   1    -2.25536e-03 
termaj3
parameters 8
# exponents ... coefficient
	  0   0   0    1.04756e-01 
	  2   0   0    -6.07890e-04 
	  0   1   0    5.68854e-02 
	  2   1   0    -1.63930e-02 
	  0   0   1    -6.67762e-03 
	  2   0   1    1.26540e-03 
	  1   1   0    1.00743e-02 
	  1   2   1    -1.99750e-03 
termaj4
parameters 6
# exponents ... coefficient
	  0   0   0    9.16344e-02 
	  2   0   0    -7.11765e-04 
	  0   1   0    4.13405e-02 
	  2   1   0    -1.14398e-02 
	  0   0   1    -8.14006e-03 
	  2   0   1    1.66871e-03 
supra1
parameters 3
# exponents ... coefficient
	  0   0   0    7.56898e-02 
	  1   0   0    1.11172e-02 
	  0   1   1    4.20368e-03 
supra2
parameters 3
# exponents ... coefficient
	  0   0   0    7.87084e-02 
	  1   0   0    1.14740e-02 
	  0   1   1    4.77882e-03 
supra3
parameters 6
# exponents ... coefficient
	  0   0   0    1.17674e-01 
	  1   1   0    -1.06420e-02 
	  0   1   0    -1.73274e-02 
	  4   0   0    -3.56637e-04 
	  2   1   0    4.72727e-03 
	  3   1   0    1.68306e-03 
supra4
parameters 6
# exponents ... coefficient
	  0   0   0    9.62186e-02 
	  1   1   0    -9.55725e-03 
	  0   1   0    -1.73609e-02 
	  4   0   0    -3.11717e-04 
	  2   1   0    4.61832e-03 
	  3   1   0    1.44918e-03 
subscap1
parameters 7
# exponents ... coefficient
	  0   0   0    8.51516e-02 
	  1   0   0    -2.57109e-02 
	  0   0   1    -1.56548e-02 
	  3   0   0    2.47766e-03 
	  2   0   1    2.62969e-03 
	  0   1   1    7.88783e-03 
	  2   1   1    -1.38446e-03 
subscap2
parameters 3
# exponents ... coefficient
	  0   0   0    1.11620e-01 
	  1   0   0    -1.24433e-02 
	  1   1   0    -4.81773e-03 
subscap3
parameters 7
# exponents ... coefficient
	  0   0   0    1.23343e-01 
	  1   0   0    -2.74929e-02 
	  0   0   1    -1.41835e-02 
	  3   0   0    2.73875e-03 
	  0   1   1    6.28801e-03 
	  2   0   1    1.70825e-03 
	  0   2   0    -4.53517e-03 
subscap4
parameters 6
# exponents ... coefficient
	  0   0   0    1.32325e-01 
	  1   0   0    -2.38826e-02 
	  2   0   0    -3.03066e-03 
	  0   0   1    -8.46170e-03 
	  3   0   0    2.14240e-03 
	  0   2   0    -4.65545e-03 
subscap5
parameters 5
# exponents ... coefficient
	  0   0   0    1.30181e-01 
	  2   0   0    -3.12045e-03 
	  1   0   0    -1.98828e-02 
	  0   0   1    -7.89227e-03 
	  3   0   0    1.81440e-03 
subscap6
parameters 6
# exponents ... coefficient
	  0   0   0    1.54838e-01 
	  2   0   0    -4.03537e-03 
	  1   0   0    -2.04333e-02 
	  0   0   1    -1.27656e-02 
	  3   0   0    2.42716e-03 
	  2   0   1    1.73885e-03 
subscap7
parameters 8
# exponents ... coefficient
	  0   0   0    1.46613e-01 
	  1   0   0    -2.17404e-02 
	  2   0   0    -4.70636e-03 
	  0   1   1    -4.58610e-03 
	  0   0   1    -1.25425e-02 
	  3   0   0    2.79774e-03 
	  2   0   1    2.23667e-03 
	  1   0   1    -3.17092e-03 
subscap8
parameters 8
# exponents ... coefficient
	  0   0   0    1.07538e-01 
	  1   0   0    -2.21541e-02 
	  2   0   0    -4.76817e-03 
	  0   0   1    -1.27873e-02 
	  3   0   0    2.86994e-03 
	  2   0   1    2.27760e-03 
	  0   1   1    -3.83434e-03 
	  1   0   1    -3.05709e-03 
subscap9
parameters 11
# exponents ... coefficient
	  0   0   0    1.18878e-01 
	  0   1   1    -8.18417e-03 
	  1   0   0    -1.89900e-02 
	  2   0   0    -3.17576e-03 
	  0   0   2    5.55123e-03 
	  0   0   1    -1.20596e-02 
	  3   0   0    1.78729e-03 
	  2   0   1    9.28628e-04 
	  0   0   4    -4.75159e-04 
	  0   0   3    8.41562e-04 
	  0   3   1    1.56968e-03 
subscap10
parameters 13
# exponents ... coefficient
	  0   0   0    6.20996e-02 
	  0   1   1    -2.14213e-03 
	  2   0   0    -2.64784e-03 
	  1   0   0    -1.34678e-02 
	  0   0   2    4.38897e-03 
	  0   1   0    1.35736e-02 
	  2   1   0    -3.66358e-03 
	  0   0   1    -1.01954e-02 
	  0   0   4    -4.94397e-04 
	  0   0   3    6.56339e-04 
	  3   0   1    4.16896e-04 
	  2   0   2    5.23069e-04 
	  1   1   0    3.62287e-03 
subscap11
parameters 9
# exponents ... coefficient
	  0   0   0    4.32389e-02 
	  0   1   1    -3.58520e-03 
	  0   1   0    1.60726e-02 
	  2   1   0    -6.57829e-03 
	  1   0   0    -1.00773e-02 
	  0   0   1    -7.20496e-03 
	  0   1   2    1.51992e-03 
	  2   0   1    1.37566e-03 
	  3   0   0    9.24139e-04 
bicl
parameters 10
# exponents ... coefficient
	  0   0   0   0   0    3.65596e-01 
	  0   0   0   1   0    -2.45629e-02 
	  0   0   0   0   1    2.17515e-03 
	  0   1   0   0   0    -1.17637e-02 
	  1   0   0   0   0    3.07553e-03 
	  2   0   0   0   0    -2.77126e-03 
	  1   0   1   0   0    -2.67853e-03 
	  0   1   1   0   0    -2.80541e-03 
	  1   2   1   0   0    -1.35154e-03 
	  1   0   3   0   0    1.77876e-04 
bicb1
parameters 9
# exponents ... coefficient
	  0   0   0   0   0    3.39111e-01 
	  0   0   0   0   1    2.17284e-03 
	  0   0   0   1   0    -2.48677e-02 
	  1   1   0   0   0    -2.78705e-02 
	  2   2   0   0   0    -4.31410e-03 
	  3   1   0   0   0    2.95786e-03 
	  0   0   1   0   0    -1.76422e-03 
	  2   0   1   0   0    3.01995e-04 
	  1   1   1   0   0    -5.70395e-04 
bicb2
parameters 9
# exponents ... coefficient
	  0   0   0   0   0    3.39111e-01 
	  0   0   0   0   1    2.17284e-03 
	  0   0   0   1   0    -2.48677e-02 
	  1   1   0   0   0    -2.78705e-02 
	  2   2   0   0   0    -4.31410e-03 
	  3   1   0   0   0    2.95786e-03 
	  0   0   1   0   0    -1.76422e-03 
	  2   0   1   0   0    3.01995e-04 
	  1   1   1   0   0    -5.70395e-04 
triclong1
parameters 7
# exponents ... coefficient
	  0   0   0   0    2.71999e-01 
	  0   0   0   1    1.83434e-02 
	  1   1   0   0    2.00678e-02 
	  0   2   0   0    7.17080e-03 
	  2   1   0   0    -9.31525e-03 
	  0   1   0   0    2.76803e-02 
	  3   1   0   0    -2.97739e-03 
triclong2
parameters 10
# exponents ... coefficient
	  0   0   0   0    2.78852e-01 
	  0   0   0   1    1.83574e-02 
	  0   1   0   0    2.84181e-02 
	  2   1   0   0    -6.42974e-03 
	  0   0   1   0    1.72200e-03 
	  1   1   1   0    1.49191e-03 
	  0   0   3   0    -9.74950e-05 
	  1   0   0   0    5.44394e-03 
	  3   0   0   0    -6.93800e-04 
	  0   2   2   0    4.92650e-04 
triclong3
parameters 12
# exponents ... coefficient
	  0   0   0   0    3.07801e-01 
	  0   0   0   1    1.83714e-02 
	  1   1   0   0    1.96768e-02 
	  0   2   0   0    2.94357e-03 
	  2   1   0   0    -6.63746e-03 
	  0   1   0   0    2.27810e-02 
	  3   1   0   0    -2.59546e-03 
	  0   0   1   0    1.48180e-03 
	  1   1   1   0    1.42753e-03 
	  0   0   3   0    -8.46038e-05 
	  0   2   2   0    4.78110e-04 
	  1   2   0   0    -4.47527e-03 
triclong4
parameters 10
# exponents ... coefficient
	  0   0   0   0    3.03421e-01 
	  0   0   0   1    1.83521e-02 
	  0   1   0   0    2.80752e-02 
	  2   1   0   0    -6.88416e-03 
	  0   0   1   0    1.72941e-03 
	  0   0   3   0    -9.94923e-05 
	  1   0   1   0    9.39946e-04 
	  1   0   3   0    -4.82486e-05 
	  1   0   0   0    5.62192e-03 
	  3   0   0   0    -7.39931e-04 
latdorsi1
parameters 8
# exponents ... coefficient
	  0   0   0   0   0   0   0   0   0    2.93476e-01 
	  2   0   0   1   0   0   0   0   0    -1.18979e-01 
	  0   1   1   1   0   0   0   0   0    1.50097e-01 
	  0   0   0   0   1   0   0   0   0    4.66625e-02 
	  0   0   0   0   0   1   0   0   0    1.21939e-02 
	  0   0   0   0   0   0   2   0   0    -7.67738e-03 
	  0   0   0   3   0   0   1   0   0    -6.55451e-03 
	  0   0   0   0   0   0   0   1   1    -7.39468e-03 
latdorsi2
parameters 13
# exponents ... coefficient
	  0   0   0   0   0   0   0   0   0    2.90341e-01 
	  0   1   1   0   0   0   0   0   0    3.21226e-01 
	  2   0   0   1   0   0   0   0   0    -1.20539e-01 
	  0   0   0   0   1   0   0   0   0    5.39568e-02 
	  0   0   0   3   0   1   0   0   0    4.41692e-02 
	  1   0   0   0   0   0   2   0   0    7.34113e-03 
	  0   0   0   3   0   0   1   0   0    -7.88170e-03 
	  0   0   0   0   0   0   0   1   1    -9.45831e-03 
	  2   0   0   1   0   0   0   1   0    4.64098e-02 
	  0   0   1   0   0   0   2   1   0    -1.47109e-02 
	  0   1   2   1   0   0   0   0   0    -1.07139e-01 
	  0   1   0   2   0   1   0   0   0    -1.20584e-01 
	  0   1   1   0   0   0   1   0   1    -2.06371e-02 
latdorsi3
parameters 14
# exponents ... coefficient
	  0   0   0   0   0   0   0   0   0    3.09916e-01 
	  0   1   1   0   0   0   0   0   0    2.83331e-01 
	  2   0   0   1   0   0   0   0   0    -1.81652e-01 
	  0   0   0   0   1   0   0   0   0    5.46448e-02 
	  0   0   0   3   0   1   0   0   0    5.44074e-02 
	  1   0   0   0   0   0   2   0   0    6.99412e-03 
	  0   1   0   0   0   0   0   1   0    1.00392e-01 
	  0   0   0   3   0   0   1   0   0    -7.65839e-03 
	  0   0   0   0   0   0   0   1   1    -8.72296e-03 
	  0   2   2   0   0   0   0   0   0    -3.54186e-01 
	  0   0   0   1   0   0   2   1   0    -5.34886e-03 
	  0   1   0   2   0   1   0   0   0    -1.52538e-01 
	  3   0   0   1   0   0   0   0   0    -9.81627e-02 
	  0   1   0   1   0   0   0   0   2    6.41878e-03 
latdorsi4
parameters 12
# exponents ... coefficient
	  0   0   0   0   0   0   0   0   0    3.38615e-01 
	  0   1   1   0   0   0   0   0   0    3.03159e-01 
	  1   0   0   1   0   0   0   0   0    9.17495e-02 
	  0   0   0   0   1   0   0   0   0    4.91570e-02 
	  0   0   0   3   0   1   0   0   0    6.89579e-02 
	  0   1   0   1   0   0   0   1   0    8.61178e-02 
	  0   0   1   0   0   0   2   1   0    -2.09658e-02 
	  0   0   0   2   0   0   1   0   0    -9.02630e-03 
	  0   0   0   0   0   0   0   0   1    -8.97096e-03 
	  0   1   0   2   0   1   0   0   0    -1.97859e-01 
	  0   1   2   1   0   0   0   0   0    -9.67860e-02 
	  0   0   1   0   0   0   1   1   1    -8.60194e-03 
latdorsi5
parameters 12
# exponents ... coefficient
	  0   0   0   0   0   0   0   0   0    2.84810e-01 
	  0   2   1   0   0   0   0   0   0    1.43200e+00 
	  1   0   0   1   0   0   0   0   0    8.64859e-02 
	  0   0   0   0   1   0   0   0   0    4.65178e-02 
	  1   0   0   1   0   0   0   1   0    -4.11090e-02 
	  0   0   0   2   0   1   0   0   0    3.21870e-02 
	  0   0   1   0   0   0   2   1   0    -1.37243e-02 
	  0   0   0   1   0   0   1   0   0    -9.88945e-03 
	  0   3   1   0   0   0   0   0   0    -2.70381e+00 
	  0   2   0   0   0   0   0   0   0    2.38296e-01 
	  0   0   0   0   0   0   0   0   1    -6.91238e-03 
	  1   0   0   1   0   1   1   0   0    -1.69317e-02 
latdorsi6
parameters 12
# exponents ... coefficient
	  0   0   0   0   0   0   0   0   0    2.57616e-01 
	  0   2   1   0   0   0   0   0   0    1.25722e+00 
	  1   0   0   2   1   0   0   0   0    -5.92641e-02 
	  1   0   0   1   0   0   0   0   0    7.18724e-02 
	  1   0   0   1   0   0   0   1   0    -5.05047e-02 
	  0   0   1   0   0   0   2   1   0    -1.57303e-02 
	  0   0   0   1   0   1   0   0   0    1.39125e-01 
	  0   0   0   1   0   0   1   0   0    -9.69589e-03 
	  0   2   0   1   0   1   0   0   0    -2.03135e+00 
	  0   2   2   0   0   0   0   0   0    -5.54522e-01 
	  1   0   0   0   0   2   0   0   0    -5.52608e-01 
	  0   0   0   0   0   0   0   0   1    -6.49366e-03 
pectmajt1
parameters 10
# exponents ... coefficient
	  0   0   0   0   0   0   0   0   0    1.76831e-01 
	  1   1   0   0   0   0   0   0   0    -3.83273e-01 
	  0   0   0   3   1   0   0   0   0    2.62324e-02 
	  0   0   0   0   0   0   1   1   0    -1.93719e-02 
	  1   2   0   1   0   0   0   0   0    4.00741e-01 
	  0   0   0   0   0   1   0   0   0    -3.82695e-02 
	  0   0   0   0   0   0   0   2   0    3.11042e-02 
	  0   0   0   1   0   0   1   0   0    -1.38786e-02 
	  0   0   0   0   0   0   2   2   0    -8.69157e-03 
	  0   0   0   0   0   0   0   0   1    -7.48764e-03 
pectmajt2
parameters 6
# exponents ... coefficient
	  0   0   0   0   0   0   0   0   0    2.24612e-01 
	  1   1   0   0   0   0   0   0   0    -1.65908e-01 
	  0   0   0   3   1   0   0   0   0    2.66820e-02 
	  0   0   0   0   0   0   1   1   0    -2.21765e-02 
	  0   1   0   1   0   1   0   0   0    -4.65633e-01 
	  0   0   0   0   0   1   0   1   0    1.42970e-01 
pectmajt3
parameters 6
# exponents ... coefficient
	  0   0   0   0   0   0   0   0   0    2.32430e-01 
	  1   1   0   0   0   0   0   0   0    -1.42475e-01 
	  0   0   0   3   1   0   0   0   0    2.79010e-02 
	  0   1   0   1   0   1   0   0   0    -4.59336e-01 
	  0   0   0   0   0   0   1   1   0    -2.35552e-02 
	  0   0   0   0   0   1   0   1   0    1.31307e-01 
pectmajt4
parameters 13
# exponents ... coefficient
	  0   0   0   0   0   0   0   0   0    2.18234e-01 
	  1   1   0   0   0   0   0   0   0    -2.51609e-01 
	  0   0   0   3   1   0   0   0   0    2.21061e-02 
	  0   1   0   2   0   1   0   0   0    -4.90048e-01 
	  0   0   0   0   0   0   1   1   0    -3.31681e-02 
	  0   2   0   2   0   0   0   0   0    -1.72361e-01 
	  0   1   0   1   0   1   0   1   0    1.00119e+00 
	  1   1   0   0   0   1   0   1   0    9.36297e-01 
	  0   0   0   1   0   0   1   0   0    -1.70426e-02 
	  0   1   1   0   0   0   2   0   0    -1.58611e-02 
	  0   0   0   0   0   0   0   0   1    -7.95856e-03 
	  0   0   0   0   0   0   3   1   0    4.24437e-03 
	  0   1   1   0   0   1   0   0   0    2.97998e-01 
pectmajt5
parameters 13
# exponents ... coefficient
	  0   0   0   0   0   0   0   0   0    2.25159e-01 
	  2   1   0   0   0   0   0   0   0    6.15945e-02 
	  0   1   0   2   0   1   0   0   0    -1.45296e-01 
	  0   0   0   3   1   0   0   0   0    1.65985e-02 
	  0   0   0   0   0   0   1   1   0    -3.06853e-02 
	  0   0   0   4   0   0   0   0   0    -8.64140e-03 
	  0   1   1   0   0   0   2   0   0    -6.88498e-03 
	  0   0   0   1   0   0   1   0   0    -1.54768e-02 
	  1   0   0   1   0   0   0   0   1    7.12821e-03 
	  0   0   0   2   0   2   0   0   0    2.05510e-01 
	  0   0   0   0   0   0   3   1   0    4.13463e-03 
	  1   0   0   1   0   0   0   0   2    -2.58955e-03 
	  1   0   0   0   0   1   0   0   0    4.40503e-02 
pectmajt6
parameters 13
# exponents ... coefficient
	  0   0   0   0   0   0   0   0   0    2.18897e-01 
	  2   1   0   0   0   0   0   0   0    2.51966e-02 
	  1   0   0   0   0   0   0   0   0    -1.45552e-02 
	  0   0   0   3   0   1   0   0   0    -6.92798e-02 
	  0   0   0   3   1   0   0   0   0    2.44924e-02 
	  0   0   0   1   0   0   1   1   0    -4.04399e-02 
	  2   1   1   0   0   0   0   0   0    -3.65502e-02 
	  0   0   1   0   0   1   0   0   0    6.35791e-02 
	  0   0   0   2   0   0   0   0   0    -1.76103e-02 
	  0   1   0   1   1   0   0   1   0    -4.52114e-02 
	  0   0   0   0   0   0   3   1   0    5.30536e-03 
	  0   0   0   2   0   0   0   1   1    -7.16176e-03 
	  0   0   0   0   0   0   1   0   0    -1.31315e-02 
pectmajc1
parameters 12
# exponents ... coefficient
	  0   0   0   0   0   0    1.79604e-01 
	  3   0   1   0   0   0    -8.05028e-02 
	  1   0   0   1   1   0    -3.70313e-02 
	  0   1   0   0   0   0    1.81331e-02 
	  1   0   0   2   1   0    -6.23934e-03 
	  4   0   0   0   0   0    -7.08936e-03 
	  2   1   1   0   0   0    -8.10482e-02 
	  0   0   0   0   0   1    -6.05505e-03 
	  0   0   0   1   0   0    -1.53251e-02 
	  0   0   0   3   1   0    3.70126e-03 
	  0   0   2   0   0   0    1.77916e-01 
	  2   0   0   0   0   2    1.16572e-03 
pectmajc2
parameters 10
# exponents ... coefficient
	  0   0   0   0   0   0    1.40550e-01 
	  3   0   1   0   0   0    -7.52409e-02 
	  0   0   0   1   1   0    -2.90076e-02 
	  4   0   0   0   0   0    -6.69458e-03 
	  0   1   0   2   0   0    3.03045e-03 
	  0   0   0   2   2   0    -4.90388e-03 
	  1   0   0   1   0   0    -1.24218e-02 
	  0   0   0   0   0   1    -6.23412e-03 
	  2   0   1   0   1   0    4.53475e-02 
	  0   0   0   3   1   0    2.60051e-03 
tricmed1
parameters 2
# exponents ... coefficient
	  0    1.46735e-01 
	  3    2.02131e-01 
tricmed2
parameters 2
# exponents ... coefficient
	  0    1.68765e-01 
	  3    2.10091e-01 
tricmed3
parameters 2
# exponents ... coefficient
	  0    5.80946e-02 
	  1    1.78712e-02 
tricmed4
parameters 2
# exponents ... coefficient
	  0    9.67220e-02 
	  4    9.48007e-01 
tricmed5
parameters 2
# exponents ... coefficient
	  0    1.36807e-01 
	  2    5.61674e-02 
brachialis1
parameters 2
# exponents ... coefficient
	  0    1.78040e-01 
	  3    -1.58064e-01 
brachialis2
parameters 2
# exponents ... coefficient
	  0    1.69895e-01 
	  2    -4.16302e-02 
brachialis3
parameters 2
# exponents ... coefficient
	  0    1.37373e-01 
	  1    -1.45282e-02 
brachialis4
parameters 2
# exponents ... coefficient
	  0    1.34407e-01 
	  3    -1.58789e-01 
brachialis5
parameters 2
# exponents ... coefficient
	  0    1.05422e-01 
	  1    -1.45364e-02 
brachialis6
parameters 2
# exponents ... coefficient
	  0    9.29633e-02 
	  1    -1.43322e-02 
brachialis7
parameters 2
# exponents ... coefficient
	  0    9.24472e-02 
	  1    -1.44713e-02 
brachiorad1
parameters 3
# exponents ... coefficient
	  0   0    3.32063e-01 
	  1   0    -3.14547e-02 
	  2   2    1.53481e-02 
brachiorad2
parameters 3
# exponents ... coefficient
	  0   0    3.15963e-01 
	  1   0    -1.13975e-02 
	  2   2    4.10158e-03 
brachiorad3
parameters 2
# exponents ... coefficient
	  0   0    3.00018e-01 
	  2   1    -5.14236e-03 
pronteres1
parameters 2
# exponents ... coefficient
	  0   0    1.66612e-01 
	  1   3    -1.45141e-03 
pronteres2
parameters 2
# exponents ... coefficient
	  0    8.91065e-02 
	  4    -2.37439e-04 
supinator1
parameters 2
# exponents ... coefficient
	  1    3.28241e-02 
	  4    -1.02007e-03 
supinator2
parameters 2
# exponents ... coefficient
	  1    1.45741e-02 
	  0    1.99828e-02 
supinator3
parameters 2
# exponents ... coefficient
	  0    2.33325e-02 
	  1    1.15803e-02 
supinator4
parameters 2
# exponents ... coefficient
	  0    3.35516e-02 
	  2    3.32376e-03 
supinator5
parameters 2
# exponents ... coefficient
	  0    2.89966e-02 
	  1    9.37461e-03 
pronquad1
parameters 2
# exponents ... coefficient
	  0    4.95492e-02 
	  4    -4.01195e-04 
pronquad2
parameters 2
# exponents ... coefficient
	  0    4.59814e-02 
	  3    -1.11944e-03 
pronquad3
parameters 2
# exponents ... coefficient
	  0    4.57487e-02 
	  2    -2.98204e-03 
triclat1
parameters 2
# exponents ... coefficient
	  0    2.15072e-01 
	  1    2.11346e-02 
triclat2
parameters 2
# exponents ... coefficient
	  0    2.20087e-01 
	  3    2.37723e-01 
triclat3
parameters 2
# exponents ... coefficient
	  0    2.23966e-01 
	  2    5.42417e-02 
triclat4
parameters 2
# exponents ... coefficient
	  0    1.86620e-01 
	  2    5.39547e-02 
triclat5
parameters 2
# exponents ... coefficient
	  0    1.82706e-01 
	  2    5.28657e-02 
anconeus1
parameters 2
# exponents ... coefficient
	  0    2.01296e-02 
	  3    1.23184e-01 
anconeus2
parameters 2
# exponents ... coefficient
	  0    1.92147e-02 
	  3    1.11458e-01 
anconeus3
parameters 2
# exponents ... coefficient
	  0    2.23602e-02 
	  3    1.34012e-01 
anconeus4
parameters 2
# exponents ... coefficient
	  0    4.81739e-02 
	  2    9.15153e-03 
anconeus5
parameters 2
# exponents ... coefficient
	  0    3.32353e-02 
	  3    6.18231e-02 
